1bpp 100 frames 640x480
-----------------------
zlib 5:      785 000		235 500
bz2:         386 300		115 890
lzma 3:      531 600  		159 480
lzmad3:      581 200		174 360
huffyuv:  13 888 136	  4 166 440
qtrle:     1 289 982		386 995
jpeg2000:    310 520		 93 156


1bpp packed 100 frames 640x480
------------------------------
none:      3 840 000      1 152 000
zlib 4:      480 300		144 090
bz2:         429 700		128 910
lzma 3:      431 700		129 510
lzmad4:      463 200		138 960
huffyuv:  13 888 160      4 166 448
qtrle:	   1 287 946        386 383
jpeg2000:    903 060		270 918


8bpp 100 frames 640x480
-----------------------
zlib 5:    1 897 500		569 250
bz2:       1 384 300		415 290
lzma 3:    1 403 100		420 930
lzmad3:    1 819 800		545 940
huffyuv:  14 187 980	  4 256 394
qtrle:     1 857 274		557 182
jpeg2000:    310 520		 93 156